1.000000 0.000000 0.000000 0.000000 0.000000 1.000000 0.000000 0.000000 0.000000 0.000000 1.000000 0.000000
0.999825 0.000000 0.018724 -0.074500 0.000000 1.000000 0.000000 0.000000 -0.018724 0.000000 0.999825 0.020000
0.999034 0.000000 0.043948 -0.173900 0.000000 1.000000 0.000000 0.000000 -0.043948 0.000000 0.999034 0.046600
0.998011 0.000000 0.063037 -0.248400 0.000000 1.000000 0.000000 0.000000 -0.063037 0.000000 0.998011 0.066600
0.996060 0.000000 0.088680 -0.347800 0.000000 1.000000 0.000000 0.000000 -0.088680 0.000000 0.996060 0.093200
0.994148 0.000000 0.108029 -0.422400 0.000000 1.000000 0.000000 0.000000 -0.108029 0.000000 0.994148 0.113200
0.990989 0.000000 0.133941 -0.521700 0.000000 1.000000 0.000000 0.000000 -0.133941 0.000000 0.990989 0.139800
0.988159 0.000000 0.153432 -0.596300 0.000000 1.000000 0.000000 0.000000 -0.153432 0.000000 0.988159 0.159800
0.983767 0.000000 0.179452 -0.695700 0.000000 1.000000 0.000000 0.000000 -0.179452 0.000000 0.983767 0.186400
0.980007 0.000000 0.198962 -0.770200 0.000000 1.000000 0.000000 0.000000 -0.198962 0.000000 0.980007 0.206400
0.974377 0.000000 0.224923 -0.869600 0.000000 1.000000 0.000000 0.000000 -0.224923 0.000000 0.974377 0.233000
0.969694 0.000000 0.244323 -0.944100 0.000000 1.000000 0.000000 0.000000 -0.244323 0.000000 0.969694 0.253000
0.962845 0.000000 0.270054 -1.043500 0.000000 1.000000 0.000000 0.000000 -0.270054 0.000000 0.962845 0.279600
0.957263 0.000000 0.289218 -1.118000 0.000000 1.000000 0.000000 0.000000 -0.289218 0.000000 0.957263 0.299600
0.949241 0.000000 0.314551 -1.217400 0.000000 1.000000 0.000000 0.000000 -0.314551 0.000000 0.949241 0.326200
0.942801 0.000000 0.333357 -1.291900 0.000000 1.000000 0.000000 0.000000 -0.333357 0.000000 0.942801 0.346200
0.933671 0.000000 0.358133 -1.391300 0.000000 1.000000 0.000000 0.000000 -0.358133 0.000000 0.933671 0.372800
0.926431 0.000000 0.376466 -1.465800 0.000000 1.000000 0.000000 0.000000 -0.376466 0.000000 0.926431 0.392800
0.916279 0.000000 0.400541 -1.565200 0.000000 1.000000 0.000000 0.000000 -0.400541 0.000000 0.916279 0.419400
0.908310 0.000000 0.418298 -1.639800 0.000000 1.000000 0.000000 0.000000 -0.418298 0.000000 0.908310 0.439400
0.897240 0.000000 0.441544 -1.739100 0.000000 1.000000 0.000000 0.000000 -0.441544 0.000000 0.897240 0.466000
0.888624 0.000000 0.458637 -1.813700 0.000000 1.000000 0.000000 0.000000 -0.458637 0.000000 0.888624 0.486000
0.876749 0.000000 0.480948 -1.913000 0.000000 1.000000 0.000000 0.000000 -0.480948 0.000000 0.876749 0.512600
0.867575 0.000000 0.497306 -1.987600 0.000000 1.000000 0.000000 0.000000 -0.497306 0.000000 0.867575 0.532600
