1.000000 0.000000 0.000000 0.000000 0.000000 1.000000 0.000000 0.000000 0.000000 0.000000 1.000000 0.000000
0.999915 0.000000 -0.013008 0.000000 0.000000 1.000000 0.000000 0.000000 0.013008 0.000000 0.999915 0.000000
0.999539 0.000000 -0.030349 0.000000 0.000000 1.000000 0.000000 0.000000 0.030349 0.000000 0.999539 0.000000
0.999060 0.000000 -0.043349 0.000000 0.000000 1.000000 0.000000 0.000000 0.043349 0.000000 0.999060 0.000000
0.998158 0.000000 -0.060670 0.000000 0.000000 1.000000 0.000000 0.000000 0.060670 0.000000 0.998158 0.000000
0.997284 0.000000 -0.073649 0.000000 0.000000 1.000000 0.000000 0.000000 0.073649 0.000000 0.997284 0.000000
0.995857 0.000000 -0.090935 0.000000 0.000000 1.000000 0.000000 0.000000 0.090935 0.000000 0.995857 0.000000
0.994590 0.000000 -0.103882 0.000000 0.000000 1.000000 0.000000 0.000000 0.103882 0.000000 0.994590 0.000000
0.992638 0.000000 -0.121116 0.000000 0.000000 1.000000 0.000000 0.000000 0.121116 0.000000 0.992638 0.000000
0.990979 0.000000 -0.134018 0.000000 0.000000 1.000000 0.000000 0.000000 0.134018 0.000000 0.990979 0.000000
0.988505 0.000000 -0.151186 0.000000 0.000000 1.000000 0.000000 0.000000 0.151186 0.000000 0.988505 0.000000
0.986455 0.000000 -0.164032 0.000000 0.000000 1.000000 0.000000 0.000000 0.164032 0.000000 0.986455 0.000000
0.983462 0.000000 -0.181116 0.000000 0.000000 1.000000 0.000000 0.000000 0.181116 0.000000 0.983462 0.000000
0.981022 0.000000 -0.193894 0.000000 0.000000 1.000000 0.000000 0.000000 0.193894 0.000000 0.981022 0.000000
0.977512 0.000000 -0.210880 0.000000 0.000000 1.000000 0.000000 0.000000 0.210880 0.000000 0.977512 0.000000
0.974686 0.000000 -0.223578 0.000000 0.000000 1.000000 0.000000 0.000000 0.223578 0.000000 0.974686 0.000000
0.970662 0.000000 -0.240449 0.000000 0.000000 1.000000 0.000000 0.000000 0.240449 0.000000 0.970662 0.000000
0.967452 0.000000 -0.253055 0.000000 0.000000 1.000000 0.000000 0.000000 0.253055 0.000000 0.967452 0.000000
0.962917 0.000000 -0.269797 0.000000 0.000000 1.000000 0.000000 0.000000 0.269797 0.000000 0.962917 0.000000
0.959326 0.000000 -0.282300 0.000000 0.000000 1.000000 0.000000 0.000000 0.282300 0.000000 0.959326 0.000000
0.954286 0.000000 -0.298896 0.000000 0.000000 1.000000 0.000000 0.000000 0.298896 0.000000 0.954286 0.000000
0.950317 0.000000 -0.311284 0.000000 0.000000 1.000000 0.000000 0.000000 0.311284 0.000000 0.950317 0.000000
0.944775 0.000000 -0.327720 0.000000 0.000000 1.000000 0.000000 0.000000 0.327720 0.000000 0.944775 0.000000
0.940432 0.000000 -0.339982 0.000000 0.000000 1.000000 0.000000 0.000000 0.339982 0.000000 0.940432 0.000000
