1.000000 0.000000 0.000000 0.000000 0.000000 1.000000 0.000000 0.000000 0.000000 0.000000 1.000000 0.000000
1.000000 0.000000 0.000000 0.000000 0.000000 0.999979 -0.006504 0.000000 0.000000 0.006504 0.999979 0.000000
1.000000 0.000000 0.000000 0.000000 -0.000000 0.999885 -0.015176 0.000000 -0.000000 0.015176 0.999885 0.000000
1.000000 0.000000 0.000000 0.000000 0.000000 0.999765 -0.021679 0.000000 0.000000 0.021679 0.999765 0.000000
1.000000 0.000000 0.000000 0.000000 0.000000 0.999539 -0.030349 0.000000 0.000000 0.030349 0.999539 0.000000
1.000000 0.000000 0.000000 0.000000 0.000000 0.999321 -0.036849 0.000000 0.000000 0.036849 0.999321 0.000000
1.000000 0.000000 0.000000 0.000000 0.000000 0.998964 -0.045515 0.000000 0.000000 0.045515 0.998964 0.000000
1.000000 0.000000 0.000000 0.000000 0.000000 0.998647 -0.052011 0.000000 0.000000 0.052011 0.998647 0.000000
1.000000 0.000000 0.000000 0.000000 0.000000 0.998158 -0.060670 0.000000 0.000000 0.060670 0.998158 0.000000
1.000000 0.000000 0.000000 0.000000 0.000000 0.997742 -0.067161 0.000000 0.000000 0.067161 0.997742 0.000000
1.000000 0.000000 0.000000 0.000000 0.000000 0.997122 -0.075811 0.000000 0.000000 0.075811 0.997122 0.000000
1.000000 0.000000 0.000000 0.000000 0.000000 0.996608 -0.082295 0.000000 0.000000 0.082295 0.996608 0.000000
1.000000 0.000000 0.000000 0.000000 0.000000 0.995857 -0.090935 0.000000 0.000000 0.090935 0.995857 0.000000
1.000000 0.000000 0.000000 0.000000 0.000000 0.995244 -0.097410 0.000000 0.000000 0.097410 0.995244 0.000000
1.000000 0.000000 0.000000 0.000000 -0.000000 0.994362 -0.106038 0.000000 -0.000000 0.106038 0.994362 0.000000
1.000000 0.000000 -0.000000 0.000000 -0.000000 0.993651 -0.112503 0.000000 -0.000000 0.112503 0.993651 0.000000
1.000000 0.000000 0.000000 0.000000 0.000000 0.992638 -0.121116 0.000000 0.000000 0.121116 0.992638 0.000000
1.000000 0.000000 0.000000 0.000000 0.000000 0.991830 -0.127570 0.000000 0.000000 0.127570 0.991830 0.000000
1.000000 0.000000 0.000000 0.000000 0.000000 0.990686 -0.136167 0.000000 0.000000 0.136167 0.990686 0.000000
1.000000 0.000000 0.000000 0.000000 0.000000 0.989779 -0.142607 0.000000 0.000000 0.142607 0.989779 0.000000
1.000000 0.000000 0.000000 0.000000 0.000000 0.988505 -0.151186 0.000000 0.000000 0.151186 0.988505 0.000000
1.000000 0.000000 0.000000 0.000000 0.000000 0.987501 -0.157612 0.000000 0.000000 0.157612 0.987501 0.000000
1.000000 0.000000 0.000000 0.000000 0.000000 0.986097 -0.166170 0.000000 0.000000 0.166170 0.986097 0.000000
1.000000 0.000000 0.000000 0.000000 0.000000 0.984995 -0.172580 0.000000 0.000000 0.172580 0.984995 0.000000
