1.000000 0.000000 0.000000 0.000000 0.000000 1.000000 0.000000 0.000000 0.000000 0.000000 1.000000 0.000000
1.000000 0.000000 0.000000 0.000000 0.000000 0.999957 -0.009316 0.037270 0.000000 0.009316 0.999957 0.000000
1.000000 0.000000 0.000000 0.000000 0.000000 0.999764 -0.021734 0.086960 0.000000 0.021734 0.999764 0.000000
1.000000 0.000000 0.000000 0.000000 0.000000 0.999518 -0.031041 0.124220 0.000000 0.031041 0.999518 0.000000
1.000000 0.000000 0.000000 0.000000 0.000000 0.999056 -0.043437 0.173910 0.000000 0.043437 0.999056 0.000000
1.000000 0.000000 0.000000 0.000000 0.000000 0.998609 -0.052722 0.211180 0.000000 0.052722 0.998609 0.000000
1.000000 0.000000 0.000000 0.000000 0.000000 0.997880 -0.065079 0.260870 0.000000 0.065079 0.997880 0.000000
1.000000 0.000000 0.000000 0.000000 0.000000 0.997234 -0.074328 0.298140 0.000000 0.074328 0.997234 0.000000
1.000000 0.000000 0.000000 0.000000 0.000000 0.996241 -0.086630 0.347830 0.000000 0.086630 0.996241 0.000000
1.000000 0.000000 0.000000 0.000000 0.000000 0.995398 -0.095830 0.385090 0.000000 0.095830 0.995398 0.000000
1.000000 0.000000 0.000000 0.000000 0.000000 0.994144 -0.108059 0.434780 0.000000 0.108059 0.994144 0.000000
1.000000 0.000000 0.000000 0.000000 0.000000 0.993108 -0.117199 0.472050 0.000000 0.117199 0.993108 0.000000
1.000000 0.000000 0.000000 0.000000 0.000000 0.991600 -0.129339 0.521740 0.000000 0.129339 0.991600 0.000000
1.000000 0.000000 0.000000 0.000000 0.000000 0.990376 -0.138407 0.559010 0.000000 0.138407 0.990376 0.000000
1.000000 0.000000 0.000000 0.000000 0.000000 0.988619 -0.150442 0.608700 0.000000 0.150442 0.988619 0.000000
1.000000 0.000000 0.000000 0.000000 0.000000 0.987210 -0.159425 0.645960 0.000000 0.159425 0.987210 0.000000
1.000000 0.000000 0.000000 0.000000 0.000000 0.985212 -0.171341 0.695650 0.000000 0.171341 0.985212 0.000000
1.000000 0.000000 0.000000 0.000000 0.000000 0.983625 -0.180229 0.732920 0.000000 0.180229 0.983625 0.000000
1.000000 0.000000 0.000000 0.000000 0.000000 0.981393 -0.192012 0.782610 0.000000 0.192012 0.981393 0.000000
1.000000 0.000000 0.000000 0.000000 0.000000 0.979633 -0.200794 0.819880 0.000000 0.200794 0.979633 0.000000
1.000000 0.000000 0.000000 0.000000 0.000000 0.977176 -0.212430 0.869570 0.000000 0.212430 0.977176 0.000000
1.000000 0.000000 0.000000 0.000000 0.000000 0.975252 -0.221097 0.906830 0.000000 0.221097 0.975252 0.000000
1.000000 0.000000 0.000000 0.000000 0.000000 0.972579 -0.232573 0.956520 0.000000 0.232573 0.972579 0.000000
1.000000 0.000000 0.000000 0.000000 0.000000 0.970496 -0.241117 0.993790 0.000000 0.241117 0.970496 0.000000
